0	33.193558
1	8.501064
2	32.505821
3	36.072975
4	38.372189
5	36.734550
6	40.776398
7	32.542320
8	38.196068
9	40.355026
10	34.327072
11	16.879221
12	32.699295
13	38.830330
14	7.297709
15	33.814716
16	33.472000
17	13.305173
18	33.201794
19	14.944121
20	8.129116
21	12.306017
22	38.451141
23	8.819242
24	34.357723
25	8.557863
26	38.929630
27	40.307114
28	35.553902
29	8.459237
30	15.652599
31	37.193909
32	7.002861
33	17.754898
34	16.459768
35	42.917130
36	34.211098
37	33.964878
38	32.187931
39	32.591385
40	33.388714
41	15.719152
42	14.611283
43	8.876405
44	35.662365
45	14.239575
46	34.261215
47	37.951550
48	39.001377
49	11.335671
50	16.271147
51	10.529526
52	15.808244
53	14.601997
54	36.631294
55	7.142827
56	36.421829
57	15.702799
58	9.868508
59	32.541115
60	18.128016
61	39.510372
62	33.491722
63	7.854404
64	38.626347
65	36.065098
66	32.839252
67	34.268410
68	11.671921
69	35.580048
70	36.225895
71	12.077415
72	38.370502
73	34.091965
74	8.766899
75	35.205997
76	13.706506
77	10.952658
78	15.462332
79	33.742290
80	38.872948
81	10.107454
82	34.743755
83	13.445562
84	39.784397
85	7.239981
86	15.885138
87	13.363354
88	34.202374
89	14.927686
90	13.317936
91	11.724950
92	40.101334
93	11.921634
94	7.160020
95	9.577980
96	33.877560
97	38.164711
98	14.654224
99	35.357231
100	11.675975
101	37.716000
102	11.826664
103	10.561513
104	41.216873
105	36.984344
106	35.658260
107	8.933077
108	14.367065
109	9.130186
110	9.483278
111	39.967663
112	9.953983
113	12.388308
114	12.691772
115	10.599383
116	11.690121
117	10.229980
118	35.647572
119	14.559848
120	32.952908
121	14.052440
122	12.878857
123	15.702452
124	12.318530
125	11.010393
126	15.919827
127	12.104889
128	15.273123
129	14.015447
130	19.574812
131	14.907533
132	40.648022
133	11.287873
134	11.249078
135	43.697296
136	11.338744
137	38.789059
138	14.869147
139	35.588955
140	13.351142
141	9.649298
142	10.926805
143	40.594475
144	14.098372
145	13.769227
146	15.257785
147	10.146958
148	34.933399
149	13.755373
150	15.600833
151	10.493334
152	15.428434
153	14.214460
154	13.632118
155	12.990784
156	34.167652
157	33.734982
158	14.280137
159	34.164646
160	33.064812
161	7.677057
162	13.972373
163	37.430595
164	34.959541
165	10.127984
166	10.768054
167	15.283828
168	13.074162
169	36.262314
170	35.126575
171	11.576225
172	12.451272
173	11.680089
174	15.305899
175	13.307863
176	15.975838
177	32.261879
178	15.507518
179	41.448402
180	9.306103
181	8.308010
182	9.585550
183	11.574160
184	32.270550
185	33.249516
186	12.268481
187	12.658066
188	34.493477
189	37.449051
190	9.979050
191	32.867619
192	14.839760
193	9.583025
194	10.330300
195	9.205366
196	36.856892
197	11.598366
198	15.198353
199	10.786067
200	33.854630
201	13.723404
202	15.602594
203	15.379293
204	33.380013
205	13.915190
206	31.540956
207	15.445617
208	9.130340
209	12.818598
210	39.686203
211	37.252682
212	37.838936
213	14.769355
214	11.302429
215	11.210003
216	32.111515
217	33.232944
218	11.101993
219	13.740132
220	33.720730
221	17.288454
222	34.654011
223	9.431424
224	9.952134
225	12.450487
226	14.159360
227	10.213261
228	38.365246
229	13.867128
230	9.649045
231	10.407976
232	15.081903
233	35.205837
234	14.814721
235	12.150710
236	11.785551
237	11.128097
238	13.775025
239	13.866773
240	36.891026
241	13.670426
242	7.897137
243	8.499344
244	33.334991
245	36.860168
246	38.484249
247	10.596972
248	14.938110
249	41.342892
250	38.627045
251	14.224072
252	14.983830
253	10.878100
254	5.601793
255	36.676914
256	35.826637
257	33.474590
258	12.536135
259	14.351682
260	35.396656
261	5.440450
262	35.975769
263	6.757163
264	34.616791
265	13.440361
266	13.659851
267	40.781300
268	14.584064
269	35.429840
270	37.018559
271	33.681095
272	7.168893
273	12.492104
274	10.165127
275	38.176697
276	35.297794
277	9.842331
278	11.528619
279	12.446673
280	39.259296
281	10.763487
282	13.086044
283	36.353436
