0	2.655221
1	7.772476
2	4.112296
3	5.021605
4	10.199862
5	12.563886
6	8.429985
7	11.070612
8	7.688820
9	9.754531
10	6.847664
11	8.498798
12	8.479503
13	12.510044
14	9.323205
15	10.072118
16	3.358227
17	11.976426
18	13.178435
19	8.224810
20	8.695762
21	6.474775
22	4.313500
23	7.830963
24	11.808090
25	11.638371
26	7.680121
27	7.195050
28	7.596957
29	11.058675
30	9.983969
31	7.711249
32	3.952864
33	8.991368
34	6.441628
35	10.159101
36	5.445659
37	12.140018
38	11.361023
39	19.707640
40	10.458869
41	5.693924
42	3.387065
43	7.255361
44	9.317670
45	5.257699
46	12.302649
47	6.908870
48	11.696744
49	6.870443
50	9.606174
51	16.903845
52	9.538081
53	7.775750
54	12.461736
55	10.882721
56	12.239388
57	10.528482
58	8.631532
59	5.878275
60	10.683878
61	8.079415
62	19.199816
63	7.085427
64	4.928015
65	7.428380
66	7.621663
67	11.677464
68	7.446906
69	36.905014
70	6.941373
71	7.495617
72	7.351698
73	6.633236
74	10.139775
75	10.141266
76	6.480786
77	2.764177
78	5.477756
79	11.570592
80	10.443008
81	19.901739
82	10.257974
83	13.367921
84	12.300703
85	12.598416
86	10.614276
87	8.367023
88	10.933321
89	7.866191
90	6.340613
91	10.712116
92	8.311161
93	2.645308
94	10.498289
95	7.561825
96	14.993155
97	16.541475
98	7.330184
99	11.960339
100	11.257587
101	12.656028
102	12.536554
103	10.190878
104	7.916386
105	7.129168
106	19.712534
107	6.732559
108	13.205130
109	8.426394
110	17.918991
111	9.233028
112	8.059452
113	9.028145
114	8.557135
115	3.480954
116	7.668758
117	14.485568
118	9.965989
119	8.541729
120	7.116941
121	9.785550
122	12.712996
123	8.659098
124	13.094790
125	4.071990
126	7.400805
127	7.455126
128	7.620946
129	4.876890
130	11.327137
131	13.305217
132	8.001408
133	11.309953
134	11.780442
135	7.704928
136	13.507380
137	7.179063
138	17.225168
139	13.605938
140	9.349348
141	11.077764
142	5.173815
143	11.595660
144	8.961040
145	3.686932
146	7.265017
147	4.065752
148	17.314915
149	7.261813
150	8.091841
151	11.228262
152	21.752831
153	8.790853
154	9.398989
155	7.148001
156	16.869925
157	6.932401
158	13.316924
159	13.442521
160	6.818811
161	9.178541
162	6.653611
163	14.282598
164	6.516890
165	6.718577
166	12.843586
167	7.778960
168	8.582015
169	6.990203
170	3.949938
171	7.446724
172	11.246984
173	9.102293
174	10.607348
175	4.014201
176	11.397717
177	19.201563
178	9.772628
179	4.390383
180	8.406584
181	11.999342
182	6.861563
183	6.932487
184	7.742549
185	4.990858
186	6.979738
187	8.137655
188	7.974143
189	5.611638
190	9.436736
191	12.618684
192	7.804766
193	12.683617
194	6.870449
195	8.933215
196	21.773926
197	34.937366
198	9.049352
199	3.937762
200	5.934768
201	3.888920
202	8.809195
203	11.700495
204	12.737828
205	15.102859
206	10.629253
207	8.002240
208	13.154456
209	8.019458
210	7.171876
211	9.619041
212	14.077670
213	19.558985
214	9.899668
215	10.642005
216	4.680949
217	7.828919
218	5.292791
219	3.310934
220	8.283892
221	4.673997
222	11.185995
223	4.831765
224	21.495085
225	10.805421
226	4.467479
227	11.348100
228	7.560898
229	11.151580
230	4.872836
231	4.876913
232	14.376831
233	7.823393
234	6.520048
235	8.705903
236	38.983257
237	8.842984
238	9.582363
239	4.789731
240	14.983113
241	3.937351
242	3.422143
243	9.461244
244	15.705167
245	6.797747
246	7.495355
247	3.977835
248	12.506708
249	10.728739
250	3.605615
251	4.795944
252	8.301579
253	5.834551
254	8.726512
255	15.424235
256	12.882337
257	8.086579
258	8.655560
259	6.357326
260	9.097041
261	3.575582
262	10.629377
263	7.795857
264	13.185865
265	10.342635
266	7.650779
267	11.649672
268	3.664290
269	11.171056
270	14.162037
271	10.977398
272	8.258096
273	7.980571
274	12.624376
275	8.901698
276	7.906800
277	14.270298
278	7.858060
279	6.974239
280	14.244357
281	4.880865
282	7.298801
283	2.645214
284	7.759663
285	12.070222
286	19.019186
287	7.005887
288	8.312002
289	8.755872
290	11.312734
291	14.540964
292	13.509672
293	12.554225
294	6.610576
295	13.059592
296	12.698406
297	13.661183
298	11.253777
299	8.779504
300	13.414260
301	9.584491
302	19.585304
303	10.832756
304	11.597435
305	7.766451
306	10.574248
307	13.727988
308	18.162230
309	38.951805
310	4.491117
311	12.054012
312	4.228135
313	5.887352
314	7.618931
315	14.493026
316	12.486002
317	17.994396
318	6.853514
319	5.095406
320	7.877753
321	9.761901
322	7.397615
323	36.880707
324	9.162860
325	11.131997
326	13.762593
327	8.224010
328	15.308359
329	7.142961
330	7.408503
331	8.000428
332	19.865358
333	8.182053
334	10.946986
335	9.222080
336	16.453121
337	11.366387
338	8.499574
339	12.278808
340	13.616097
341	18.819883
342	7.860307
343	11.467698
344	8.591689
345	12.778981
346	7.216116
347	16.012293
348	9.814663
349	12.358252
350	10.240797
351	18.434542
352	14.310412
353	7.150074
354	20.494211
355	6.355460
356	11.028479
357	8.556401
358	12.179499
359	12.315300
360	6.095986
361	11.997154
362	11.118120
363	8.339350
364	11.936071
365	8.292221
366	7.337553
367	11.807535
368	8.195334
369	15.561976
370	13.506384
371	5.802610
372	11.528307
373	18.117764
374	8.302120
375	13.802810
376	10.136786
377	9.609783
378	14.608730
379	5.540522
380	44.167351
381	2.656406
382	10.646106
383	9.368191
384	8.530181
385	3.960867
386	11.619627
387	15.135609
388	13.015883
389	13.040161
390	19.959206
391	18.589317
392	17.784067
393	11.064742
394	7.714373
395	7.754920
396	10.830413
397	21.858042
398	7.553423
399	10.568521
400	8.426188
401	7.460527
402	11.855036
403	3.925368
404	18.888847
405	2.695453
406	7.113742
407	7.838840
408	13.304924
409	15.683957
410	8.618232
411	7.179020
412	8.822992
413	17.341829
414	13.426287
415	4.829193
416	8.508085
417	7.417474
418	9.080889
419	8.384410
420	44.282131
421	12.819609
422	11.679046
423	14.820375
424	18.335978
425	2.556298
426	9.257768
427	18.590816
428	38.992420
429	12.446397
430	10.075816
431	14.603336
432	3.572004
433	7.357528
434	8.549776
435	13.288143
436	13.164104
437	8.926023
438	8.095452
439	10.629205
440	13.472461
441	14.018111
442	6.785285
443	4.174418
444	19.412910
445	19.189837
446	6.710746
447	7.797707
448	12.485764
449	5.398505
450	3.221242
451	22.109694
452	7.046854
453	18.739954
454	12.241992
455	11.037558
456	8.775032
457	3.999046
458	3.622485
459	9.762167
460	11.362915
461	13.380360
462	19.134205
463	2.694381
464	7.715703
465	7.769572
466	18.956665
467	12.591631
468	4.586466
469	11.333361
470	4.425909
471	5.498224
472	7.373541
473	12.732107
474	14.599417
475	11.590542
476	3.884050
477	12.440612
478	13.222831
479	11.692735
480	10.043119
481	8.769306
482	11.781965
483	7.975432
484	12.870716
485	14.285535
486	4.580487
487	12.302672
488	4.720438
489	7.656813
490	11.917246
491	19.137939
492	9.307995
493	8.675448
494	7.507309
495	7.615643
496	14.016766
497	19.491140
498	5.320550
499	13.200997
500	19.035173
501	18.217117
502	4.916162
503	16.548809
504	10.922658
505	12.041099
506	18.763664
507	6.561534
508	11.020922
509	8.667941
510	15.852169
511	8.411327
512	3.498049
513	8.143642
514	13.826069
515	17.413288
516	13.383945
517	6.175621
518	11.179190
519	9.967185
520	11.459331
521	4.819343
522	18.888647
523	2.694483
524	9.560068
525	8.085899
526	8.029448
527	13.858436
528	6.623203
529	8.034069
530	5.014539
531	4.161247
532	18.998962
533	10.829570
534	9.461376
535	6.096235
536	11.052700
537	4.030796
538	5.550621
539	7.366094
540	37.379009
541	11.528487
542	20.938501
543	6.565121
544	8.386097
545	13.930906
546	7.714893
547	10.617256
548	18.641655
549	6.672684
550	7.228441
551	9.662724
552	20.929253
553	11.302427
554	11.168005
555	11.035306
556	9.131081
557	21.804693
558	9.894178
559	19.543070
560	15.229680
561	11.864415
562	6.783645
563	8.329870
564	3.444152
565	6.161096
566	22.311970
567	11.403764
568	10.043964
569	14.870861
570	12.755024
571	25.529022
572	10.655501
573	16.578192
574	6.892463
575	7.625497
576	11.027300
577	17.064631
578	18.863699
579	11.951698
580	12.982063
581	14.705050
582	11.655899
583	11.684858
584	11.993733
585	18.294230
586	11.691365
587	10.647088
588	8.489379
589	9.717279
590	11.540894
591	7.203377
592	4.193866
593	11.203214
594	17.675186
595	11.725897
596	12.969610
597	9.039000
598	12.636137
599	13.128901
600	10.923110
601	14.356312
602	7.837039
603	8.512300
604	4.809057
605	4.755370
606	19.016903
607	13.403848
608	14.620716
609	11.404332
610	7.718445
611	12.643756
612	21.644150
613	11.882677
614	6.426095
615	14.285316
616	7.286146
617	7.346407
618	19.509706
619	18.522535
620	16.700880
621	11.190167
622	5.844556
623	11.963758
624	18.779295
625	14.621770
626	12.928735
627	15.728011
628	6.774117
629	7.673631
630	18.761398
631	8.987027
632	14.334973
633	2.674911
634	3.344976
635	11.333811
636	14.425966
637	7.105626
638	4.279920
639	7.675720
640	4.623352
641	14.689575
642	13.758160
643	17.218838
644	11.131663
645	6.205971
646	9.677767
647	14.358987
648	6.918337
649	8.167593
650	14.361783
651	5.437342
652	13.257363
653	8.546206
654	13.392394
655	16.055050
656	15.134102
657	11.056087
658	6.683691
659	14.494423
660	14.098939
661	14.143852
662	11.197227
663	10.869869
664	7.346837
665	7.531512
666	20.640760
667	7.259533
668	18.014616
669	14.747955
670	11.965536
671	12.257968
672	14.089906
673	8.204951
674	10.467934
675	14.065591
676	11.707365
677	11.879229
678	3.669705
679	34.548115
680	10.111434
681	22.105595
682	6.220180
683	6.067975
684	8.767509
685	22.369097
686	4.784520
687	10.696048
688	19.597454
689	9.985574
690	7.962251
691	8.411520
692	13.731550
693	5.171463
694	18.124022
695	6.951172
696	6.293693
697	6.940376
698	11.277429
699	5.443799
700	4.956574
701	13.294595
702	13.520220
703	16.929089
704	8.041516
705	7.411636
706	12.547972
707	9.405848
708	7.236258
709	26.686558
710	14.704389
711	12.375099
712	11.538536
713	7.903780
714	17.687166
715	12.328255
716	11.504165
717	7.903000
718	18.156393
719	4.031923
720	13.213326
721	10.161338
722	6.152885
723	8.751232
724	6.027716
725	9.721216
726	17.665251
727	12.337554
728	17.309887
729	7.406682
730	6.612523
731	18.285769
732	19.035009
733	8.299171
734	11.719541
735	15.926284
736	5.442542
737	12.197953
738	11.235970
739	15.277860
740	13.662307
741	18.636906
742	7.804580
743	10.733458
744	14.153829
745	21.320518
746	11.324614
747	41.181633
748	10.936693
749	3.616939
750	9.696491
751	22.457396
752	14.811711
753	19.406853
754	10.632263
755	4.825007
756	11.255836
757	11.655520
758	11.632011
759	18.882841
760	5.209672
761	3.898052
762	19.969929
763	11.400002
764	8.008512
765	11.971081
766	4.242289
767	11.620039
768	21.641796
769	10.781789
770	18.702492
771	3.447379
772	9.075114
773	5.094866
774	11.609759
775	17.968979
776	41.096733
777	5.055193
778	19.033220
779	19.391499
780	7.386352
781	19.683500
782	5.301689
783	3.723292
784	3.574652
785	18.910307
786	18.013172
787	18.478500
788	14.798955
789	19.640066
790	14.477670
791	16.144093
792	11.730028
793	12.941655
794	19.535200
795	13.693255
796	16.776922
797	9.065117
798	4.507772
799	19.454601
800	4.830113
801	11.468063
802	14.662552
803	19.669796
804	10.442577
805	11.909525
806	3.402150
807	14.873438
808	8.289802
809	36.834629
810	19.489559
811	15.440911
812	8.179590
813	18.781334
814	4.801205
815	6.406963
816	12.657895
817	14.976477
818	10.224805
819	14.808396
820	7.266384
821	7.770606
822	7.918194
823	15.142271
824	8.124510
825	8.314932
826	26.354328
827	7.555767
828	6.909493
829	13.906279
830	9.476505
831	13.634194
832	17.424061
833	14.900621
834	21.103636
835	4.508784
836	14.382016
837	9.598933
838	12.749741
839	7.333092
840	19.479319
841	9.555055
842	11.891408
843	20.884186
844	12.190226
845	12.787233
846	3.618100
847	14.303661
848	11.591489
849	19.428833
850	11.223972
851	7.530539
852	13.763872
853	9.563621
854	9.593154
855	12.625950
856	9.033751
857	10.838321
858	16.847105
859	9.439165
860	4.953557
861	3.705646
862	6.628034
863	4.986179
864	8.079591
865	17.914474
866	19.618401
867	6.014024
868	10.510606
869	14.042780
870	13.257735
871	15.332586
872	5.347924
873	19.223598
874	18.729668
875	7.449479
876	8.388915
877	14.635527
878	19.942482
879	13.382883
880	13.111553
881	13.708800
882	6.324347
883	8.741917
884	5.047018
885	5.190877
886	13.140945
887	19.485451
888	10.118216
889	14.824624
890	19.251003
891	7.762262
892	8.403127
893	13.098097
894	19.002954
895	7.148835
896	4.685212
897	19.423845
898	17.002838
899	4.220389
900	10.233287
901	9.472063
902	8.677527
903	12.089449
904	14.157628
905	7.753894
906	11.388162
907	19.430407
908	13.783891
909	11.437422
910	39.154507
911	15.405609
912	11.750586
913	12.375137
914	22.354235
915	14.025315
916	4.718464
917	11.976454
918	7.820713
919	13.476224
920	10.230304
921	14.030552
922	19.368900
923	14.969686
924	6.411090
925	15.456600
926	11.963036
927	19.168774
928	17.328585
929	13.486407
930	17.712011
931	18.364229
932	20.296698
933	18.282944
934	12.001879
935	13.547520
936	5.826761
937	24.951689
938	6.272737
939	7.220680
940	6.726139
941	11.554755
942	12.185357
943	7.347027
944	6.578603
945	10.263716
946	8.374721
947	15.781349
948	8.836558
949	18.742783
950	14.922372
951	3.176386
952	11.710833
953	14.069777
954	8.767957
955	11.616364
956	7.671435
957	15.526532
958	10.858027
959	10.758769
960	6.635743
961	7.076496
962	10.243973
963	6.592837
964	16.085217
965	14.291617
966	19.836512
967	20.021637
968	12.338375
969	8.001323
970	6.029277
971	5.191381
972	6.571287
973	9.696322
974	18.796362
975	15.930290
976	17.541538
977	12.130611
978	14.445593
979	13.839310
980	22.965137
981	14.461288
982	7.458732
983	11.011774
984	5.273908
985	37.891987
986	11.385970
987	10.562922
988	10.528171
989	10.879753
990	10.014395
991	11.163972
992	12.880389
993	6.625460
994	8.589207
995	12.304108
996	11.405311
997	13.967343
998	15.590958
999	19.053896
1000	11.977321
1001	14.440688
1002	10.368115
1003	12.769300
1004	8.486719
1005	4.833569
1006	5.361408
1007	4.254750
1008	6.749465
1009	6.376704
1010	9.871067
1011	4.518396
1012	11.000625
1013	7.520727
1014	10.832284
1015	8.064479
1016	19.902277
1017	14.523823
1018	14.657519
1019	11.468450
1020	20.462029
1021	10.074779
1022	13.762447
1023	16.194412
1024	17.641964
1025	12.956768
1026	8.776824
1027	13.481693
1028	11.191047
1029	15.377552
1030	14.226267
1031	30.750761
1032	11.225441
1033	19.203407
1034	11.288005
1035	16.700230
1036	13.685400
1037	15.285509
1038	15.978142
1039	21.799803
1040	4.529450
1041	14.389684
1042	14.304005
1043	13.495115
1044	13.714862
1045	4.704415
1046	17.535063
1047	8.297918
1048	3.636622
1049	21.000771
1050	21.871820
1051	12.018627
1052	10.213689
1053	8.293286
1054	3.451216
1055	7.560320
1056	16.899042
1057	10.141242
1058	14.391761
1059	16.022444
1060	18.518105
1061	13.504107
1062	26.575525
1063	9.720990
1064	4.819457
1065	12.107304
1066	8.583512
1067	6.627502
1068	14.636690
1069	14.684134
1070	10.258839
1071	16.034737
1072	19.236670
1073	5.211846
1074	22.117849
1075	7.649034
1076	15.757519
1077	6.660205
1078	9.865430
1079	15.916920
1080	8.565714
1081	15.226980
1082	8.787257
1083	20.241058
1084	7.507734
1085	15.140242
1086	13.144876
1087	6.829658
1088	18.806971
1089	17.776686
1090	9.456119
1091	12.987620
1092	13.847760
1093	12.835718
1094	10.806766
1095	4.620250
1096	6.426675
1097	18.448423
1098	13.039145
1099	5.253216
1100	19.486513
1101	11.795275
1102	22.973732
1103	4.721753
1104	12.629583
1105	10.672523
1106	18.632368
1107	8.367401
1108	4.554732
1109	12.572484
1110	18.788557
1111	11.687536
1112	3.912591
1113	5.219143
1114	18.663431
1115	9.016864
1116	12.550669
1117	4.602538
1118	17.060717
1119	5.456350
1120	20.450005
1121	5.481817
1122	13.125585
1123	12.434412
1124	19.689203
1125	18.833776
1126	10.343281
1127	4.237469
1128	7.849216
1129	14.633590
1130	14.734782
1131	6.769103
1132	4.741039
1133	4.279744
1134	11.641650
1135	10.981530
1136	3.778033
1137	14.428639
1138	11.629264
1139	22.557264
1140	15.255986
1141	5.356630
1142	6.045393
1143	5.095869
1144	2.723136
1145	14.542542
1146	5.837969
1147	10.605378
1148	19.322617
1149	2.595704
1150	24.906765
1151	4.967351
1152	11.154813
1153	8.770557
1154	8.913016
1155	20.490314
1156	14.842702
1157	6.583070
1158	7.472463
1159	16.414127
1160	17.143042
1161	10.945923
1162	18.669514
1163	11.955856
1164	15.908063
1165	11.955286
1166	40.877213
1167	15.209720
1168	14.094949
1169	17.241257
1170	24.504168
1171	10.596400
1172	18.419294
1173	21.773457
1174	3.359823
1175	7.513700
1176	15.473228
1177	4.128166
1178	7.199548
1179	13.772833
1180	10.535759
1181	19.240765
1182	12.368598
1183	9.595490
1184	14.112313
1185	22.109270
1186	6.895575
1187	18.755869
1188	12.919391
1189	10.616283
1190	9.645129
1191	6.817240
1192	13.789431
1193	8.488063
1194	14.881974
1195	13.375656
1196	14.707798
1197	11.768727
1198	25.695332
1199	12.210567
1200	11.256453
1201	10.954575
1202	10.867076
1203	3.773467
1204	26.156597
1205	7.936261
1206	14.226161
1207	14.791947
1208	14.219982
1209	17.389488
1210	11.825668
1211	10.657011
1212	13.228754
1213	11.180327
1214	7.267478
1215	16.260410
1216	18.481386
1217	14.818778
1218	19.121304
1219	7.464033
1220	13.325457
1221	24.512712
1222	9.105213
1223	19.490919
1224	13.440351
1225	9.740332
1226	16.208681
1227	13.241128
1228	5.955234
1229	17.413086
1230	7.631838
1231	9.104424
1232	10.975216
1233	8.377930
1234	3.992512
1235	13.754718
1236	17.736601
1237	5.858221
1238	7.003532
1239	14.520892
1240	4.375741
1241	11.306741
1242	21.606777
1243	6.652381
1244	11.500871
1245	19.220881
1246	13.736027
1247	22.178841
1248	11.632980
1249	15.872670
1250	10.952876
1251	6.210894
1252	8.553556
1253	11.590443
1254	6.484882
1255	5.226626
1256	14.219402
1257	10.631910
1258	13.026039
1259	20.063776
1260	7.111959
1261	15.318232
1262	15.246943
1263	14.191537
1264	10.500174
1265	11.042629
1266	11.082649
1267	12.630411
1268	20.054422
1269	6.136353
1270	10.526741
1271	10.762029
1272	8.707088
1273	11.200257
1274	7.187420
1275	21.921625
1276	18.814589
1277	15.777675
1278	6.794295
1279	10.749977
1280	17.685455
1281	13.474803
1282	6.984479
1283	19.501495
1284	5.745354
1285	15.302416
1286	15.375936
1287	9.752115
1288	10.220778
1289	13.053162
1290	10.514730
1291	10.722337
1292	8.066774
1293	18.303701
1294	10.149992
1295	11.462108
1296	18.894205
1297	7.802534
1298	13.364093
1299	9.940610
1300	10.760439
1301	18.928553
1302	19.346090
1303	17.973364
1304	8.712665
1305	14.935760
1306	7.573131
1307	9.487885
1308	6.660591
1309	15.184031
1310	14.325788
1311	14.130416
1312	14.607835
1313	19.071268
1314	3.885955
1315	13.152211
1316	11.035760
1317	14.237689
1318	14.013762
1319	19.142513
1320	15.964069
1321	15.077064
1322	13.638185
1323	7.251857
1324	6.627884
1325	8.358542
1326	14.094675
1327	20.694096
1328	13.157375
1329	11.644367
1330	18.053896
1331	8.177212
1332	9.713408
1333	10.472590
1334	5.019683
1335	14.184190
1336	5.932259
1337	20.661282
1338	17.313114
1339	15.962358
1340	10.573339
1341	17.443663
1342	17.396372
1343	8.376904
1344	13.711301
1345	6.630186
1346	11.608239
1347	4.977933
1348	17.664900
1349	6.261811
1350	9.353371
1351	12.681495
1352	12.607823
1353	18.876057
1354	19.058163
1355	12.345097
1356	5.735515
1357	36.941097
1358	10.461416
1359	10.769936
1360	15.681740
1361	7.346334
1362	11.192875
1363	8.282890
1364	15.087992
1365	24.534075
1366	16.321356
1367	39.052090
1368	5.600981
1369	3.840714
1370	22.636358
1371	7.663580
1372	10.779663
1373	13.730200
1374	13.719769
1375	19.468006
1376	12.437677
1377	8.668795
1378	4.117392
1379	12.614121
1380	2.517746
1381	13.567569
1382	9.155958
1383	15.873285
1384	8.365399
1385	14.685344
1386	11.658599
1387	13.380748
1388	10.316957
1389	12.302162
1390	8.016310
1391	6.969670
1392	11.273192
1393	13.035591
1394	18.860058
1395	10.092012
1396	10.434451
1397	18.928841
1398	11.237149
1399	11.570486
1400	11.100034
1401	16.152094
1402	18.420153
1403	13.310084
1404	18.743380
1405	15.774837
1406	17.532501
1407	8.990239
1408	11.880400
1409	11.667247
1410	12.591343
1411	15.304024
1412	13.457540
1413	5.887074
1414	6.503986
1415	14.510002
1416	9.260122
1417	13.403410
1418	21.755634
1419	19.330524
1420	10.603208
1421	9.486904
1422	12.172916
1423	16.165642
1424	11.173486
1425	14.071563
1426	8.938370
1427	6.343391
1428	7.069657
1429	15.277149
1430	6.587710
1431	19.854391
1432	18.342909
1433	12.648062
1434	39.184517
1435	19.334499
1436	4.944006
1437	11.234806
1438	10.992045
1439	13.470304
1440	18.344454
1441	18.637905
1442	9.681989
1443	5.473906
1444	11.060714
1445	14.851245
1446	15.956041
1447	6.574243
1448	14.357017
1449	13.012424
1450	11.666255
1451	11.370958
1452	14.167284
1453	13.794621
1454	5.035732
1455	7.957535
1456	14.011391
1457	8.371090
1458	6.144064
1459	13.995360
1460	14.866427
1461	12.646599
1462	13.806086
1463	13.116364
1464	13.908290
1465	2.546432
1466	20.438578
1467	11.348324
1468	8.675872
1469	11.379933
1470	13.880954
1471	10.469618
1472	42.692005
1473	13.668770
1474	15.858525
1475	12.969820
1476	21.499193
1477	7.575951
1478	10.890952
1479	15.658599
1480	6.721610
1481	21.597662
1482	11.245146
1483	8.826776
1484	12.046150
1485	26.997179
1486	7.459231
1487	15.967381
1488	11.584963
1489	10.403840
1490	10.669881
1491	7.849314
1492	10.374990
1493	13.584764
1494	12.312251
1495	19.164335
1496	18.243402
1497	25.965446
1498	15.872808
1499	8.338219
1500	12.470088
1501	11.554810
1502	16.959604
1503	12.096208
1504	19.207624
1505	11.433917
1506	12.268050
1507	11.723231
1508	24.523129
1509	8.388580
1510	22.623974
1511	14.118610
1512	14.158607
1513	10.629791
1514	9.309063
1515	15.772730
1516	6.304145
1517	3.481176
1518	11.228754
1519	13.122509
1520	4.670862
1521	13.458484
1522	11.267755
1523	14.715211
1524	13.832913
1525	10.818763
1526	15.133627
1527	14.015912
1528	13.590761
1529	5.177239
1530	7.268638
1531	3.665464
1532	12.635912
1533	3.775746
1534	9.096570
1535	20.545862
1536	11.559566
1537	14.870115
1538	13.813809
1539	14.661567
1540	12.566046
1541	13.075949
1542	15.260431
1543	18.719980
1544	16.740864
1545	12.944354
1546	19.375734
1547	9.651346
1548	7.506292
1549	9.154946
1550	26.429918
1551	11.157517
1552	6.353298
1553	19.305155
1554	16.184656
1555	15.176403
1556	11.254696
1557	17.228075
1558	14.652318
1559	15.637530
1560	15.734972
1561	15.138231
1562	18.350924
1563	20.018122
1564	10.486572
1565	8.009523
1566	5.071752
1567	3.347231
1568	8.731411
1569	8.416883
1570	12.633698
1571	11.829999
1572	11.205881
1573	8.669708
1574	9.590938
1575	13.395386
1576	6.487626
1577	12.967592
1578	14.448505
1579	12.838472
1580	18.425312
1581	14.182755
1582	39.545452
1583	17.114784
1584	19.839621
1585	16.683716
1586	11.389786
1587	41.098541
1588	21.312933
1589	20.524265
1590	11.018744
1591	20.034754
1592	23.720272
1593	14.989013
1594	7.409382
1595	24.490028
1596	14.550507
1597	10.716434
1598	14.124741
1599	12.947309
1600	11.522765
1601	4.994197
1602	5.000590
1603	18.632332
1604	17.739691
1605	4.978355
1606	12.917415
1607	41.981724
1608	24.216221
1609	11.234121
1610	20.683475
1611	11.164452
1612	16.133320
1613	2.655468
1614	7.779291
1615	9.275314
1616	8.808143
1617	20.306553
1618	3.480734
1619	4.588268
1620	19.858727
1621	14.709793
1622	11.520820
1623	14.450442
1624	3.350057
1625	6.598727
1626	10.268064
1627	11.399299
1628	7.712847
1629	26.214989
1630	18.417789
1631	5.795117
1632	14.878169
1633	10.403518
1634	21.027878
1635	17.948025
1636	10.125794
1637	10.659754
1638	20.140022
1639	12.806348
1640	9.874152
1641	19.289366
1642	3.731611
1643	10.755248
1644	20.491234
1645	21.172136
1646	13.076662
1647	9.202508
1648	14.597370
1649	23.838535
1650	8.254135
1651	13.368798
1652	12.162096
1653	26.689949
1654	15.356218
1655	17.553373
1656	23.761442
1657	10.123591
1658	9.758240
1659	19.266748
1660	14.144576
1661	14.014918
1662	4.650051
1663	12.843177
1664	13.429770
1665	7.679677
1666	7.715243
1667	19.624947
1668	26.973364
1669	14.474282
1670	6.254869
1671	10.752978
1672	10.898405
1673	41.532730
1674	9.480948
1675	11.885792
1676	19.887558
1677	21.793085
1678	41.584579
1679	8.260646
1680	5.916045
1681	11.577637
1682	10.683434
1683	24.020954
1684	13.260785
1685	8.997488
1686	20.658760
1687	16.374163
1688	17.302553
1689	12.078220
1690	19.764046
1691	16.460981
1692	11.633749
1693	13.482475
1694	9.547711
1695	12.684741
1696	6.507129
1697	6.915718
1698	19.333414
1699	10.869252
1700	7.845507
1701	13.687942
1702	5.439780
1703	20.514168
1704	12.286320
1705	24.290527
1706	7.205829
1707	12.336226
1708	9.615547
1709	14.514024
1710	8.268010
1711	4.005194
1712	12.195148
1713	9.793726
1714	8.310568
1715	6.523690
1716	14.837091
1717	7.504648
1718	6.476344
1719	9.289114
1720	9.546512
1721	3.868817
1722	15.507235
1723	18.776855
1724	13.308082
1725	9.288336
1726	16.923080
1727	14.161638
1728	14.605092
1729	4.951376
1730	4.518211
1731	19.952229
1732	11.130661
1733	10.310592
1734	7.979941
1735	11.535439
1736	17.640991
1737	13.520613
1738	23.682924
1739	24.675755
1740	12.851377
1741	14.212013
1742	8.140891
1743	13.741702
1744	7.492229
1745	12.108953
1746	10.985521
1747	13.706775
1748	19.184511
1749	12.590893
1750	11.637383
1751	23.508493
1752	18.785282
1753	21.716537
1754	9.807056
1755	11.405259
1756	19.389975
1757	7.826118
1758	19.601271
1759	10.435875
1760	11.043139
1761	14.297339
1762	14.239928
1763	11.394922
1764	11.207808
1765	6.937087
1766	10.017097
1767	15.363606
1768	13.947002
1769	6.625722
1770	2.879102
1771	7.848257
1772	13.188900
1773	15.227240
1774	17.056688
1775	14.465864
1776	12.410855
1777	12.173988
1778	11.941480
1779	13.733829
1780	10.975434
1781	18.972065
1782	14.606380
1783	11.783186
1784	14.246111
1785	14.397606
1786	12.524078
1787	15.039346
1788	22.660725
1789	18.571875
1790	7.282609
1791	11.190267
1792	11.893260
1793	13.476489
1794	21.152279
1795	6.788173
1796	11.881411
1797	14.832125
1798	18.987616
1799	25.730295
1800	4.808412
1801	16.879648
1802	14.898235
1803	14.354773
1804	11.406115
1805	11.104401
1806	15.244805
1807	26.286358
1808	14.205400
1809	7.934082
1810	10.997351
1811	23.419207
1812	10.537490
1813	14.227276
1814	15.315589
1815	11.893722
1816	11.862852
1817	18.312309
1818	10.258080
1819	13.516770
1820	10.468551
1821	4.338551
1822	14.939260
1823	37.826256
1824	15.254433
1825	11.129809
1826	14.195649
1827	11.142766
1828	5.293813
1829	6.802993
1830	21.800253
1831	18.341179
1832	19.653414
1833	11.423327
1834	16.503603
1835	4.245110
1836	7.212527
1837	14.992135
1838	15.352873
1839	10.724132
1840	11.394530
1841	11.350042
1842	13.549162
1843	11.307409
1844	7.362182
1845	19.030716
1846	7.237806
1847	10.749516
1848	7.156018
1849	11.037758
1850	9.985438
1851	7.058123
1852	10.429535
1853	8.222605
1854	25.248150
1855	13.879855
1856	6.691770
1857	11.272234
1858	13.965122
1859	8.430610
1860	13.652526
1861	14.715103
1862	10.611745
1863	11.811808
1864	7.985808
1865	12.266766
1866	14.495551
1867	13.703513
1868	9.374715
1869	11.106271
1870	15.421189
1871	11.984547
1872	20.058071
1873	11.050334
1874	11.289334
1875	18.900620
1876	19.567129
1877	11.427383
1878	8.670557
1879	7.712886
1880	7.466424
1881	17.030294
1882	11.432893
1883	13.258206
1884	10.713072
1885	13.340291
1886	21.126883
1887	4.614110
1888	9.663606
1889	10.513853
1890	11.408554
1891	14.088243
1892	14.944382
1893	19.453924
1894	7.923344
1895	34.659954
1896	10.548630
1897	16.823895
1898	5.046648
1899	20.552343
1900	4.950530
1901	18.820736
1902	10.760217
1903	20.575113
1904	19.425289
1905	2.618965
1906	18.597305
1907	21.502823
1908	13.261199
1909	17.245445
1910	10.248823
1911	12.417461
1912	10.506839
1913	19.438705
1914	10.821551
1915	20.532534
1916	12.004850
1917	7.924958
1918	19.324474
1919	13.379431
1920	10.222948
1921	17.375462
1922	34.562588
1923	18.362095
1924	11.327173
1925	14.912928
1926	10.500363
1927	10.777287
1928	11.997715
1929	10.951440
1930	12.854632
1931	20.645472
1932	21.367765
1933	23.399012
1934	13.585483
1935	2.592145
1936	22.632507
1937	11.600109
1938	8.038483
1939	11.615098
1940	7.425391
1941	18.799780
1942	13.452859
1943	11.098971
1944	8.324101
1945	12.540921
1946	4.996011
1947	15.752434
1948	11.737402
1949	20.768703
1950	12.318208
1951	11.585790
1952	7.303156
1953	14.543929
1954	8.945498
1955	8.392143
1956	8.640031
1957	13.192264
1958	18.333786
1959	5.158847
1960	18.102051
1961	16.949471
1962	10.883080
1963	8.944035
1964	7.756438
1965	21.134369
1966	11.177398
1967	3.585242
1968	10.910333
1969	15.463695
1970	26.943422
1971	7.546061
1972	11.752582
1973	11.579957
1974	25.682455
1975	18.311377
1976	19.543562
1977	6.555828
1978	14.873428
1979	16.208803
1980	15.863629
1981	6.706749
1982	19.058432
1983	12.737896
1984	14.366234
1985	22.140936
1986	13.687940
1987	19.189192
1988	14.382073
1989	11.078874
1990	11.235508
1991	15.593746
1992	12.191237
1993	9.212823
1994	12.263185
1995	7.539346
1996	11.871447
1997	4.675924
1998	13.030973
1999	5.625517
2000	18.021492
2001	10.375831
2002	8.438103
2003	11.966274
2004	18.283297
2005	6.737264
2006	14.158210
2007	18.385160
2008	18.903265
2009	8.631789
2010	18.544365
2011	24.055992
2012	9.071525
2013	11.459910
2014	9.798662
2015	10.891832
2016	10.938934
2017	11.381495
2018	20.201317
2019	11.416547
2020	10.873088
2021	19.425888
2022	17.111477
2023	18.855143
2024	23.431740
2025	8.293044
2026	10.942859
2027	11.014518
2028	4.066201
2029	18.748943
2030	7.120114
2031	14.850091
2032	13.976286
2033	10.745383
2034	13.910173
2035	21.959356
2036	10.274491
2037	13.511926
2038	5.191319
2039	7.809052
2040	19.434490
2041	37.878773
2042	14.610891
2043	8.704659
2044	10.312871
2045	8.306878
2046	10.689550
2047	16.990290
2048	10.553280
2049	13.247700
2050	18.154156
2051	11.747293
2052	10.410994
2053	11.018663
2054	42.703575
2055	19.325573
2056	17.188261
2057	13.872634
2058	21.473516
2059	11.523113
2060	12.835657
2061	6.725767
2062	10.741120
2063	4.739680
2064	19.911585
2065	7.332990
2066	24.193420
2067	17.497009
2068	10.695146
2069	14.994676
2070	9.087771
2071	20.884247
2072	14.984483
2073	13.307967
2074	6.700932
2075	8.977801
2076	9.032365
2077	8.805202
2078	10.462749
2079	15.784982
2080	12.566849
2081	21.373402
2082	7.922608
2083	9.151639
2084	7.961174
2085	22.753441
2086	9.477721
2087	17.684492
2088	21.571556
2089	15.198733
2090	20.523911
2091	19.178307
2092	2.752576
2093	20.143179
2094	15.980420
2095	11.229222
2096	21.856924
2097	10.563841
2098	14.985678
2099	10.703788
2100	6.457257
2101	10.965112
2102	11.311352
2103	8.831381
2104	13.863828
2105	10.671069
2106	17.440575
2107	15.539210
2108	12.526796
2109	8.512496
2110	21.627598
2111	6.939371
2112	6.315035
2113	7.724787
2114	18.157255
2115	15.130718
2116	13.436582
2117	13.851822
2118	7.698184
2119	20.217875
2120	13.248336
2121	10.175683
2122	13.809402
2123	18.565271
2124	12.021029
2125	18.181591
2126	18.548424
2127	10.793499
2128	19.375772
2129	10.875744
2130	10.656204
2131	7.612703
2132	14.485415
2133	14.405047
2134	13.722081
2135	7.550586
2136	12.278626
2137	4.704939
2138	3.384538
2139	14.636103
2140	11.312119
2141	14.565989
2142	11.426590
2143	10.844953
2144	10.606918
2145	11.777225
2146	9.948890
2147	21.137947
2148	17.139463
2149	14.179879
2150	13.525429
2151	15.356692
2152	13.143877
2153	26.868250
2154	15.160080
2155	6.377218
2156	22.832472
2157	9.032654
2158	8.273523
2159	12.109813
2160	19.127794
2161	14.344037
2162	11.971977
2163	13.896249
2164	9.106058
2165	10.778198
2166	13.871157
2167	19.686138
2168	18.603104
2169	24.069468
2170	7.150111
2171	7.968845
2172	21.116646
2173	21.154757
2174	2.906160
2175	10.364472
2176	10.457389
2177	16.862087
2178	10.958519
2179	10.935328
2180	11.755691
2181	10.054169
2182	11.700087
2183	7.561379
2184	16.741879
2185	6.452950
2186	10.800385
2187	13.232976
2188	11.939617
2189	13.998480
2190	13.087900
2191	11.226634
2192	8.653981
2193	14.786975
2194	18.990917
2195	22.220573
2196	19.400043
2197	11.343138
2198	20.113029
2199	8.694537
2200	14.493332
2201	3.660643
2202	7.153708
2203	21.722538
2204	11.642978
2205	17.023283
2206	14.740365
2207	16.242540
2208	2.712766
2209	17.669048
2210	9.263004
2211	16.185499
2212	19.099930
2213	13.631516
2214	12.966209
2215	9.160065
2216	11.589120
2217	11.308088
2218	6.946799
2219	10.897658
2220	10.444973
2221	12.903068
2222	9.131402
2223	9.065342
2224	19.325510
2225	10.559883
2226	9.871387
2227	12.732899
2228	12.186080
2229	18.492819
2230	7.311495
2231	12.697871
2232	15.511214
2233	5.389892
2234	11.505372
2235	11.611636
2236	9.004709
2237	11.781116
2238	7.727005
2239	14.886534
2240	10.843879
2241	27.289272
2242	15.894432
2243	6.672150
2244	18.901928
2245	15.781454
2246	11.635964
2247	11.745875
2248	12.907757
2249	12.473156
2250	12.855145
2251	16.247334
2252	34.572727
2253	8.615602
2254	11.196711
2255	8.483480
2256	13.732402
2257	10.767710
2258	11.023791
2259	20.320704
2260	11.321760
2261	9.986990
2262	15.973255
2263	5.270392
2264	19.293119
2265	12.892551
2266	38.925903
2267	15.587033
2268	12.796540
2269	11.492054
2270	13.345645
2271	14.916734
2272	16.587536
2273	14.892542
2274	3.113185
2275	17.526716
2276	11.191224
2277	15.260779
2278	3.543100
2279	13.790993
2280	13.667509
2281	20.415237
2282	6.396755
2283	5.162068
2284	11.504942
2285	26.334362
2286	13.863519
2287	22.197250
2288	10.247010
2289	11.309737
2290	11.565876
2291	23.760019
2292	7.115329
2293	10.675961
2294	12.676406
2295	12.114465
2296	8.246836
2297	13.990921
2298	11.852648
2299	20.776838
2300	6.393556
2301	18.493958
2302	8.044878
2303	13.123796
2304	13.520948
2305	12.460884
2306	13.110882
2307	10.929178
2308	10.672445
2309	3.251150
2310	12.881973
2311	16.188492
2312	34.591724
2313	11.620871
2314	13.890016
2315	5.217395
2316	18.825418
2317	12.861919
2318	13.502236
2319	15.091036
2320	10.631355
2321	26.102528
2322	12.727306
2323	24.623327
2324	14.013409
2325	17.181440
2326	13.294164
2327	23.997730
2328	14.588929
2329	13.747243
2330	8.300882
2331	15.075971
2332	7.134504
2333	14.625680
2334	15.355436
2335	7.853610
2336	11.963588
2337	6.144927
2338	17.959873
2339	10.635114
2340	12.086401
2341	16.392605
2342	10.868543
2343	13.988805
2344	25.675661
2345	10.949735
2346	10.704010
2347	3.810993
2348	18.392645
2349	10.835577
2350	6.442761
2351	12.875057
2352	7.872591
2353	7.626490
2354	8.045577
2355	12.592810
2356	19.809010
2357	14.499843
2358	8.747931
2359	10.844702
2360	5.877729
2361	18.897171
2362	19.955708
2363	8.322608
2364	24.947182
2365	26.386818
2366	8.081493
2367	26.754097
2368	14.005571
2369	8.389914
2370	11.426548
2371	11.238052
2372	10.940511
2373	24.860500
2374	13.682280
2375	13.244467
2376	25.366497
2377	12.521659
2378	13.906356
2379	17.460632
2380	15.231869
2381	13.904341
2382	17.991909
2383	4.768378
2384	20.286659
2385	2.592484
2386	41.558640
2387	17.684862
2388	11.836280
2389	19.572191
2390	14.426508
2391	10.366789
2392	12.432761
2393	7.402339
2394	17.558134
2395	24.473431
2396	12.288988
2397	14.300734
2398	12.015107
2399	12.017464
2400	19.983007
2401	17.026405
2402	13.555661
2403	16.764662
2404	7.420312
2405	7.049344
2406	13.119969
2407	11.344420
2408	33.931007
2409	7.796343
2410	16.272058
2411	7.682394
2412	5.941545
2413	20.278206
2414	20.762943
2415	25.011395
2416	6.876226
2417	12.306770
2418	25.790005
2419	15.517859
2420	12.753134
2421	17.331762
2422	10.854741
2423	17.234241
2424	26.867565
2425	9.672097
2426	22.105476
2427	19.084295
2428	11.041004
2429	13.520831
2430	12.700583
2431	26.182995
2432	10.554020
2433	10.813080
2434	17.517197
2435	17.895750
2436	15.851538
2437	19.338251
2438	5.692611
2439	11.443117
2440	13.664731
2441	9.520081
2442	11.608776
2443	19.314476
2444	22.227736
2445	11.358418
2446	12.019457
2447	7.819823
2448	14.670691
2449	8.639139
2450	14.606036
2451	14.232491
2452	13.031105
2453	15.280972
2454	19.024248
2455	18.975636
2456	7.410529
2457	13.742770
2458	18.838226
2459	20.844015
2460	17.635380
2461	11.644890
2462	3.990003
2463	15.858966
2464	12.632442
2465	9.719765
2466	8.262939
2467	21.654034
2468	7.583025
2469	12.839408
2470	14.169258
2471	7.427907
2472	7.948651
2473	15.723226
2474	13.605042
2475	6.431945
2476	8.496742
2477	11.149418
2478	17.387354
2479	3.515363
2480	25.855909
2481	12.524685
2482	44.362793
2483	13.222595
2484	22.678339
2485	15.265389
2486	12.036277
2487	23.634748
2488	6.786010
2489	13.459922
2490	4.701196
2491	20.209494
2492	17.586561
2493	11.132190
2494	21.888332
2495	14.311615
2496	13.737175
2497	11.700501
2498	14.703742
2499	8.917565
2500	13.727145
2501	17.569283
2502	10.239964
2503	18.089508
2504	12.945424
2505	14.600192
2506	10.724350
2507	21.642132
2508	7.119821
2509	25.160398
2510	15.470234
2511	17.956400
2512	10.636878
2513	8.469772
2514	11.124882
2515	3.578069
2516	8.292548
2517	13.308841
2518	21.989956
2519	12.096529
2520	14.134282
2521	15.545018
2522	9.178396
2523	6.728893
2524	11.402287
2525	19.051855
2526	10.872996
2527	3.854748
2528	19.263405
2529	8.309937
2530	12.805796
2531	16.949814
2532	4.583923
2533	18.483295
2534	13.339985
2535	6.115713
2536	7.087659
2537	10.582783
2538	2.417529
2539	16.290295
2540	15.747038
2541	10.762892
2542	21.473782
2543	25.391220
2544	24.840128
2545	11.248702
2546	13.049877
2547	11.144921
2548	11.199132
2549	26.756039
2550	11.639335
2551	12.047333
2552	4.475536
2553	11.893543
2554	14.954305
2555	11.050368
2556	15.537056
2557	8.990314
2558	15.178750
2559	15.493267
2560	20.725029
2561	14.625666
2562	7.077003
2563	5.052451
2564	20.732157
2565	14.111033
2566	9.221470
2567	10.958783
2568	4.901579
2569	11.909873
2570	13.708000
2571	14.356462
2572	23.668926
2573	12.446366
2574	15.993711
2575	12.335460
2576	9.432397
2577	10.667489
2578	10.175337
2579	6.072752
2580	15.264092
2581	18.519321
2582	22.892115
2583	13.011290
2584	34.460968
2585	16.706127
2586	18.952585
2587	5.409126
2588	14.141399
2589	14.670411
2590	8.569242
2591	16.517260
2592	14.173455
2593	15.975619
2594	13.788703
2595	17.457338
2596	18.756754
2597	7.469994
2598	8.173031
2599	7.820823
2600	11.618311
2601	11.081764
2602	11.283844
2603	12.806290
2604	7.285771
2605	10.353232
2606	12.624196
2607	14.913395
2608	12.377357
2609	11.692473
2610	16.954918
2611	11.167150
2612	11.976828
2613	12.847797
2614	10.027283
2615	18.294102
2616	11.623987
2617	3.402052
2618	15.230889
2619	27.259878
2620	17.106340
2621	22.515940
2622	14.184257
2623	13.940715
2624	42.562061
2625	13.003267
2626	12.039241
2627	22.087954
2628	11.127647
2629	13.635447
2630	12.557674
2631	11.762519
2632	18.117525
2633	10.976975
2634	17.215860
2635	9.153524
2636	11.218405
2637	7.826117
2638	21.190386
2639	8.177783
2640	3.985514
2641	26.076044
2642	14.152677
2643	13.968976
2644	10.469984
2645	12.289765
2646	12.490814
2647	14.436185
2648	12.319386
2649	15.999840
2650	8.144025
2651	10.882236
2652	18.603086
2653	3.430432
2654	11.080907
2655	13.668894
2656	23.883469
2657	7.291348
2658	11.254788
2659	3.799088
2660	18.542833
2661	14.028772
2662	14.405632
2663	17.461992
2664	26.538139
2665	12.962041
2666	11.266617
2667	9.034659
2668	8.878914
2669	8.652160
2670	7.506562
2671	3.658425
2672	9.512185
2673	5.320902
2674	11.835430
2675	9.468125
2676	12.150987
2677	13.665346
2678	14.667206
2679	23.389709
2680	14.617894
2681	15.930966
2682	17.250303
2683	11.877630
2684	14.534361
2685	9.638441
2686	6.671723
2687	16.785065
2688	3.634095
2689	12.820547
2690	26.521748
2691	24.262783
2692	8.385528
2693	19.183865
2694	11.267316
2695	13.955521
2696	18.060061
2697	25.461687
2698	10.950910
2699	15.727236
2700	8.947191
2701	16.008125
2702	15.884564
2703	24.071182
2704	18.521431
2705	20.555763
2706	14.000590
2707	15.135000
2708	20.613886
2709	18.435148
2710	10.908444
2711	10.979553
2712	26.893854
2713	10.837876
2714	10.713553
2715	10.570095
2716	18.757254
2717	10.466306
2718	16.678293
2719	11.876050
2720	12.139357
2721	14.554773
2722	19.415167
2723	16.645878
2724	9.424026
2725	13.190033
2726	26.335619
2727	10.611713
2728	24.972738
2729	7.788520
2730	23.289545
2731	8.072325
2732	5.906212
2733	13.916747
2734	6.805525
2735	12.162868
2736	4.133383
2737	8.763401
2738	8.994132
2739	9.414122
2740	11.590464
2741	21.106665
2742	11.819961
2743	19.231783
2744	24.253456
2745	11.615678
2746	7.597355
2747	5.280250
2748	7.185432
2749	19.113703
2750	6.934013
2751	12.678942
2752	12.897823
2753	14.213189
2754	9.609588
2755	17.379856
2756	14.575508
2757	15.553612
2758	16.833473
2759	17.964884
2760	14.128450
2761	12.240558
2762	24.269167
2763	4.502777
2764	6.535137
2765	10.547814
2766	13.303943
2767	13.925107
2768	12.471854
2769	4.832307
2770	18.655512
2771	10.697732
2772	17.219704
2773	12.505404
2774	7.240229
2775	8.329947
2776	15.404727
2777	19.378128
2778	4.682975
2779	15.602554
2780	4.178041
2781	12.410762
2782	5.094525
2783	14.085885
2784	25.150059
2785	16.817307
2786	10.831509
2787	6.362178
2788	26.389696
2789	18.967072
2790	18.222078
2791	11.433095
2792	18.223083
2793	2.512621
2794	21.074232
2795	11.960600
2796	13.908903
2797	24.065815
2798	19.117092
2799	12.875686
2800	13.237461
2801	13.051834
2802	21.647869
2803	18.945503
2804	12.529282
2805	5.016960
2806	15.551887
2807	26.500534
2808	25.360849
2809	10.346950
2810	12.093560
2811	11.942657
2812	9.794216
2813	12.221333
2814	13.215101
2815	12.595062
2816	18.527176
2817	3.533979
2818	10.801453
2819	11.711301
2820	14.292452
2821	22.079813
2822	8.328244
2823	17.565964
2824	21.191536
2825	26.705118
2826	22.966949
2827	14.298525
2828	5.838494
2829	11.848223
2830	17.176191
2831	16.769487
2832	9.552310
2833	10.919944
2834	6.102948
2835	13.773572
2836	14.571571
2837	15.473409
2838	12.488785
2839	14.802577
2840	6.669834
2841	10.605145
2842	23.727499
2843	9.930616
2844	12.226448
2845	9.353458
2846	14.244219
2847	7.252289
2848	19.706877
2849	15.674080
2850	10.724169
2851	16.673290
2852	13.310516
2853	16.118074
2854	8.019696
2855	7.702403
2856	11.664317
2857	10.374935
2858	16.210606
2859	5.333042
2860	7.383031
2861	14.437686
2862	13.690002
2863	2.537990
2864	10.725153
2865	20.113483
2866	3.827315
2867	12.819911
2868	3.398610
2869	6.523280
2870	15.318034
2871	2.613757
2872	21.847942
2873	5.695996
2874	12.427951
2875	13.907084
2876	9.462591
2877	6.576441
2878	9.129907
2879	12.883633
2880	15.315183
2881	10.019306
2882	18.023184
2883	21.544540
2884	6.950445
2885	13.190500
2886	19.416132
2887	14.431524
2888	14.954426
2889	18.740604
2890	14.909551
2891	5.106828
2892	24.031597
2893	9.582026
2894	14.232723
2895	12.924609
2896	38.988495
2897	11.019137
2898	24.969101
2899	12.713684
2900	7.498243
2901	10.894839
2902	12.377592
2903	10.210489
2904	10.762014
2905	4.916357
2906	5.296808
2907	35.991425
2908	15.497520
2909	10.997888
2910	5.322128
2911	7.524136
2912	13.691304
2913	4.742417
2914	10.926598
2915	10.714361
2916	6.775263
2917	2.543531
2918	10.814629
2919	6.802511
2920	25.741478
2921	3.922928
2922	2.639485
2923	7.408269
2924	19.065842
2925	2.571665
2926	23.545818
2927	10.478150
2928	9.532625
2929	13.488083
2930	6.723413
2931	11.788208
2932	7.030288
2933	8.627743
2934	10.783280
2935	15.088437
2936	14.536581
2937	11.275545
2938	20.394356
2939	33.828621
2940	19.168556
2941	16.654776
2942	13.932763
2943	13.591955
2944	11.034515
2945	6.069583
2946	12.914426
2947	17.895235
2948	5.223707
2949	14.369961
2950	11.709109
2951	13.534015
2952	12.004894
2953	11.687743
2954	13.690939
2955	13.755172
2956	14.682906
2957	7.719055
2958	14.696630
2959	17.326197
2960	7.497826
2961	21.850925
2962	37.887287
2963	4.687888
2964	21.394485
2965	13.705209
2966	7.366655
2967	8.225724
2968	13.563922
2969	12.244134
2970	11.538108
2971	18.869862
2972	11.631798
2973	14.953071
2974	19.582588
2975	12.980423
2976	11.476866
2977	16.876886
2978	14.263330
2979	15.065509
2980	5.258961
2981	20.071638
2982	7.905348
2983	3.346067
2984	14.371000
2985	40.559658
2986	13.279916
2987	9.063291
2988	13.056865
2989	13.506895
2990	11.856256
2991	9.360278
2992	10.456436
2993	37.348248
2994	16.762207
2995	11.659417
2996	13.811304
2997	12.970650
2998	8.151608
2999	9.738208
3000	5.862990
3001	8.650273
3002	26.605433
3003	10.733596
3004	3.894372
3005	8.919150
3006	18.755684
3007	10.661848
3008	6.763519
3009	2.527137
3010	44.670719
3011	13.068129
3012	13.762148
3013	27.920910
3014	15.075514
3015	18.329910
3016	5.664757
3017	27.755144
3018	7.465120
3019	20.035908
3020	17.744204
3021	14.010100
3022	21.641315
3023	6.160104
3024	7.739089
3025	6.429656
3026	17.222586
3027	4.851248
3028	12.600363
3029	13.476383
3030	16.045752
3031	8.105915
3032	18.213676
3033	14.982742
3034	10.446171
3035	6.557370
3036	10.930745
3037	21.002811
3038	9.083407
3039	5.071689
3040	10.578968
3041	11.774339
3042	21.545231
3043	24.782730
3044	10.764598
3045	10.305052
3046	5.235896
3047	11.128085
3048	13.657754
3049	12.416742
3050	10.739616
3051	13.735288
3052	12.711976
3053	13.760181
3054	4.541096
3055	9.469964
3056	21.337637
3057	15.441346
3058	8.745782
3059	12.451476
3060	8.131086
3061	13.562314
3062	9.777755
3063	4.016495
3064	9.658392
3065	19.576754
3066	11.873952
3067	16.413046
3068	7.234073
3069	25.762077
3070	8.394883
3071	14.333076
3072	11.372807
3073	10.537313
3074	14.886321
3075	16.479006
3076	13.928800
3077	11.276212
3078	5.763405
3079	11.509416
3080	6.749977
3081	13.005515
3082	13.203940
3083	10.776996
3084	6.857182
3085	8.852201
3086	16.330763
3087	16.247326
3088	20.071054
3089	12.539363
3090	21.371155
3091	41.852097
3092	19.386042
3093	22.399675
3094	7.931626
3095	11.132935
3096	10.750861
3097	14.211628
3098	10.801863
3099	9.642477
3100	7.332325
3101	17.280678
3102	14.367732
3103	9.919431
3104	6.683088
3105	11.806657
3106	25.900810
3107	5.401148
3108	6.847266
3109	6.553498
3110	37.615932
3111	13.987679
3112	11.712074
3113	7.491696
3114	16.374241
3115	11.931283
3116	20.769156
3117	19.091179
3118	13.596022
3119	17.097467
3120	14.400455
3121	7.131646
3122	14.664679
3123	24.547043
3124	20.463293
3125	11.293627
3126	24.700136
3127	8.050315
3128	13.770194
3129	17.664804
3130	5.422162
3131	7.542490
3132	12.849385
3133	8.564394
3134	10.805901
3135	6.766046
3136	13.004485
3137	8.434315
3138	13.897833
3139	11.942237
3140	16.666124
3141	9.811632
3142	10.987986
3143	7.895008
3144	19.853102
3145	8.768253
3146	7.985128
3147	18.021765
3148	10.535872
3149	5.412157
3150	8.031487
3151	22.375885
3152	16.424248
3153	37.406506
3154	10.718945
3155	17.370138
3156	20.775879
3157	17.885309
3158	8.230783
3159	9.708982
3160	5.024051
3161	7.281109
3162	9.330344
3163	9.085440
3164	26.549751
3165	21.186712
3166	13.222121
3167	11.275930
3168	25.090128
3169	25.511892
3170	13.978164
3171	15.427408
3172	13.242597
3173	14.027293
3174	11.401977
3175	8.437837
3176	13.102130
3177	15.130404
3178	15.795506
3179	13.760350
3180	12.694283
3181	4.564229
3182	18.494173
3183	4.605324
3184	11.168446
3185	27.636410
3186	11.950012
3187	21.134726
3188	15.706800
3189	13.158791
3190	11.528844
3191	4.670680
3192	6.283058
3193	4.568062
3194	20.880369
3195	11.737588
3196	9.798050
3197	18.943863
3198	17.261980
3199	25.008133
3200	9.983158
3201	12.414369
3202	14.581108
3203	12.585479
3204	8.038403
3205	21.223555
3206	14.473311
3207	8.429327
3208	18.485399
3209	16.958036
3210	14.951503
3211	11.016193
3212	6.904332
3213	12.711941
3214	5.063564
3215	12.575908
3216	2.664097
3217	9.398504
3218	11.289513
3219	6.917244
3220	4.844859
3221	12.260654
3222	4.085805
3223	12.807090
3224	25.631908
3225	23.975634
3226	10.364048
3227	13.912250
3228	16.958549
3229	19.139765
3230	9.725110
3231	18.961571
3232	10.442735
3233	11.031614
3234	20.235792
3235	12.770459
3236	13.568645
3237	30.683865
3238	14.220034
3239	12.139726
3240	34.591980
3241	13.146778
3242	18.146572
3243	15.076449
3244	15.583518
3245	5.726424
3246	24.438356
3247	17.030813
3248	13.987775
3249	10.984992
3250	12.658544
3251	9.421917
3252	3.958272
3253	16.682472
3254	33.754971
3255	13.394822
3256	14.374882
3257	12.627241
3258	10.813925
3259	13.879561
3260	13.277918
3261	11.519202
3262	5.899868
3263	6.647905
3264	14.650099
3265	14.053282
3266	17.088972
3267	18.458921
3268	16.374779
3269	11.183427
3270	12.048190
3271	22.659277
3272	9.099791
3273	5.134931
3274	16.139505
3275	21.597496
3276	11.233396
3277	12.403511
3278	8.714209
3279	13.741926
3280	14.462051
3281	10.577429
3282	11.531222
3283	7.475145
3284	15.910209
3285	10.582252
3286	25.883564
3287	13.654130
3288	8.736863
3289	14.210143
3290	10.750854
3291	7.926773
3292	14.058825
3293	12.787601
3294	8.658847
3295	13.600159
3296	13.852507
3297	11.033826
3298	5.943043
3299	14.258942
3300	20.331573
3301	15.120505
3302	8.513718
3303	18.082117
3304	5.873072
3305	5.523432
3306	10.821862
3307	9.662488
3308	15.850415
3309	7.523222
3310	10.493267
3311	26.479017
3312	10.848022
3313	25.683559
3314	11.394636
3315	7.517236
3316	15.505642
3317	15.913856
3318	7.370474
3319	14.779073
3320	11.746394
3321	17.546494
3322	27.527924
3323	6.530598
3324	10.453515
3325	13.175205
3326	13.874754
3327	7.733098
3328	12.702151
3329	13.725554
3330	12.778664
3331	10.941026
3332	34.541489
3333	11.665724
3334	13.775792
3335	4.593885
3336	6.677188
3337	19.158363
3338	23.439568
3339	10.515297
3340	7.134830
3341	16.703341
3342	18.209648
3343	17.101261
3344	15.325660
3345	9.502881
3346	8.612293
3347	17.437695
3348	11.474645
3349	13.873651
3350	19.662561
3351	7.002174
3352	7.447152
3353	17.677299
3354	8.252595
3355	12.644790
3356	20.602690
3357	9.287084
3358	5.155030
3359	22.272669
3360	15.681645
3361	14.026246
3362	9.768162
3363	8.079268
3364	20.735241
3365	11.950732
3366	11.108587
3367	5.196221
3368	6.920425
3369	39.131355
3370	44.771458
3371	11.459888
3372	9.186440
3373	13.517366
3374	13.076530
3375	15.726028
3376	10.976468
3377	13.825912
3378	4.684567
3379	8.430573
3380	14.527921
3381	5.190512
3382	12.257469
3383	5.031165
3384	13.737987
3385	14.246101
3386	9.798554
3387	17.560787
3388	16.970142
3389	9.994808
3390	10.878085
3391	10.899219
3392	8.277808
3393	6.009507
3394	19.200529
3395	19.253006
3396	7.647301
3397	11.891933
3398	13.363656
3399	15.779593
3400	10.079638
3401	10.277637
3402	11.518642
3403	7.456466
3404	9.571776
3405	17.229862
3406	22.831587
3407	7.544935
3408	9.731804
3409	4.703220
3410	11.320110
3411	8.529960
3412	6.996387
3413	6.772719
3414	13.301575
3415	13.936774
3416	6.748509
3417	14.781070
3418	5.954534
3419	13.011150
3420	12.698689
3421	13.089987
3422	23.704357
3423	13.054214
3424	10.629010
3425	6.615816
3426	9.082687
3427	13.063757
3428	16.183971
3429	4.509996
3430	11.991944
3431	10.956042
3432	11.598388
3433	34.688694
3434	12.789323
3435	16.843361
3436	9.589305
3437	5.242254
3438	5.095520
3439	15.346289
3440	19.721926
3441	10.933839
3442	10.747706
3443	11.458966
3444	8.924976
3445	8.652604
3446	8.385426
3447	14.804044
3448	13.391665
3449	12.360225
3450	11.516120
3451	19.250328
3452	35.247734
3453	13.992152
3454	12.840169
3455	12.352452
3456	8.230588
3457	15.232400
3458	12.012270
3459	6.314590
3460	12.737319
3461	7.685486
3462	9.509897
3463	15.881557
3464	6.340528
3465	11.247005
