0	11.608597
1	17.522116
2	14.160216
3	11.437166
4	15.320696
5	16.159454
6	17.349821
7	17.001873
8	17.582563
9	16.807001
10	17.705801
11	17.580873
12	21.306208
13	14.322928
14	18.286701
15	11.854864
16	15.606834
17	13.954194
18	4.654686
19	13.564130
20	21.484440
21	9.247469
22	11.217087
23	15.223126
24	16.798515
25	16.066120
26	6.222813
27	18.688786
28	14.851002
29	17.002438
30	20.935999
31	15.058698
32	17.287527
33	15.404905
34	7.546229
35	17.370642
36	18.679062
37	6.475654
38	17.533850
39	17.686691
40	20.388523
41	41.691711
42	11.372177
43	9.392720
44	40.501488
45	6.521683
46	16.989603
47	17.679945
48	14.376504
49	5.223575
50	8.382370
51	21.732548
52	19.670906
53	9.628127
54	20.559811
55	41.596127
56	21.077209
57	11.636004
58	13.995497
59	12.166222
60	9.484575
61	41.503685
62	10.111935
63	37.782597
64	40.485577
65	19.473099
66	13.420093
67	13.092322
68	6.518501
69	10.327457
70	9.310628
71	6.274686
72	10.462908
73	17.598566
74	14.411977
75	9.861414
76	20.422806
77	9.532756
78	13.089814
79	19.866486
80	14.088209
81	6.974922
82	6.592379
83	15.050127
84	8.517670
85	9.135439
86	9.534905
87	10.224053
88	9.651568
89	15.982484
90	5.599908
91	18.646822
92	9.013907
93	9.688741
94	12.323071
95	39.252972
96	12.850170
97	10.365702
98	8.839650
99	11.863918
100	11.809495
101	40.615238
102	12.842589
103	4.829894
104	5.575678
105	13.265746
106	19.067225
107	5.609947
108	19.750128
109	11.107278
110	16.161451
111	9.274335
112	15.881081
113	6.215391
114	14.839060
115	8.301670
116	43.673828
117	39.578766
118	22.389835
119	16.480011
120	17.439873
121	15.031980
122	11.092888
123	19.714691
124	10.109578
125	14.318295
126	13.576745
127	8.338072
128	13.246734
129	5.849675
130	19.130098
131	8.346755
132	14.545327
133	14.676278
134	10.605323
135	40.003094
136	13.087107
137	9.980192
138	6.508773
139	43.263130
140	12.312249
141	9.501721
142	8.445658
143	10.878711
144	12.311196
145	14.994309
146	10.212681
147	41.179283
148	12.799867
149	12.307770
150	7.313068
151	14.303271
152	9.189370
153	20.441622
154	14.629237
155	12.595805
156	6.342706
157	6.453549
158	41.662811
159	8.639419
160	11.626095
161	10.573794
162	13.613154
163	14.608844
164	12.645393
165	11.349079
166	15.682731
167	12.094006
168	41.757595
169	40.369938
170	6.826431
171	12.110069
172	6.861648
173	9.508055
174	17.690481
175	13.718693
176	10.056457
177	14.767477
178	8.363390
179	6.640913
180	6.420341
181	12.458575
182	13.233315
183	7.150427
184	19.121584
185	4.848445
186	39.143047
187	12.118373
188	6.753661
189	9.209940
190	11.323663
191	12.482760
192	10.368366
193	6.659865
194	9.805414
195	20.764267
196	15.489266
197	6.997592
198	14.071217
199	14.836052
200	13.175089
201	8.850710
202	15.345496
203	40.360783
204	16.597086
205	10.499162
206	14.066516
207	17.297415
208	13.630481
209	7.953124
210	10.414451
211	20.897175
212	11.755705
213	18.464706
214	39.364746
215	6.993257
216	40.939548
217	9.182091
218	40.778027
219	12.401216
220	12.282889
221	20.310507
222	8.832189
223	8.473145
224	8.771204
225	7.927582
226	8.227623
227	15.831931
228	12.961551
229	12.406722
230	20.583939
231	15.672243
232	18.336519
233	15.188740
234	10.612173
235	7.142800
236	14.105625
237	8.516261
238	8.473097
239	15.733342
240	18.038160
241	17.730013
242	17.915392
243	44.511452
244	13.385014
245	12.131875
246	5.955812
247	13.818317
248	10.774569
249	8.358389
250	16.229168
251	13.573391
252	15.048498
253	10.180491
254	14.591589
255	9.393134
256	42.748020
257	11.548077
258	14.981378
259	41.693996
260	20.655582
261	36.889225
262	41.036232
263	6.695698
264	7.684167
265	8.087638
266	5.032849
267	7.614190
268	8.953516
269	6.702765
270	3.708122
271	9.046734
272	7.186123
273	39.858177
274	7.512630
275	14.545749
276	11.832385
277	40.765373
278	9.629835
279	14.591232
280	10.307568
281	12.490223
282	8.335810
283	10.317741
284	12.872130
285	12.001751
286	45.348007
287	12.656559
288	15.329781
289	13.938545
290	20.347078
291	5.663522
292	12.714726
293	10.080630
294	8.724586
295	13.041103
296	9.934455
297	17.305120
298	9.048003
299	6.692240
300	11.532635
301	20.100235
302	13.515892
303	8.954620
304	6.977614
305	17.742634
306	41.558025
307	12.424415
308	13.252296
309	19.387949
310	10.496545
311	15.212634
312	10.487006
313	11.729376
314	13.633136
315	7.549764
316	13.842143
317	8.384435
318	14.006299
319	12.282301
320	7.472814
321	19.749628
322	11.076037
323	13.682600
324	7.566141
325	6.471603
326	17.712276
327	7.598964
328	10.407918
329	9.158169
330	14.971066
331	12.980668
332	5.230337
333	13.250503
334	42.128815
335	10.483141
336	11.408912
337	13.904123
338	8.820664
339	39.786037
340	11.376690
341	11.181911
342	38.601929
343	43.896866
344	12.046543
345	11.291458
346	37.156178
347	18.215368
348	10.116451
349	10.074702
350	13.025277
351	9.328545
352	8.937906
353	6.364638
354	9.447730
355	13.870512
356	10.137734
357	12.116712
358	5.843966
359	10.217143
360	12.162003
361	15.823569
362	9.392683
363	15.775232
364	10.210541
365	43.127831
366	13.434978
367	15.859275
368	16.652231
369	17.901299
370	16.425703
371	10.657670
372	9.369339
373	15.481065
374	8.829023
375	10.866153
376	9.275152
377	10.493712
378	12.865566
379	8.544181
380	5.814957
381	16.728737
382	14.160932
383	12.181800
384	13.080533
385	43.879898
386	9.128633
387	12.315792
388	8.399194
389	13.304009
390	14.977710
391	13.477448
392	12.256632
393	6.347363
394	11.543982
395	11.128910
396	8.715425
397	11.069839
398	8.400418
399	9.662549
400	18.245119
401	14.568145
402	11.109184
403	11.517886
404	11.624607
405	12.015978
406	12.479900
407	36.184158
408	7.735564
409	8.230864
410	11.633945
411	14.259722
412	10.065408
413	39.032028
414	14.320862
415	8.395049
416	39.838619
417	7.245519
418	37.283791
419	15.181158
420	14.029609
421	16.884474
422	8.718744
423	11.282173
424	14.484322
425	14.030352
426	18.425667
427	14.106752
428	14.052238
429	10.323346
430	13.041907
431	9.234100
432	9.917991
433	13.988268
434	40.184879
435	9.345695
436	12.388642
437	11.678588
438	19.777994
439	13.174938
440	40.476074
441	15.760098
442	12.562282
443	15.435500
444	15.481136
445	8.007645
446	40.899384
447	10.858047
448	9.649848
449	10.828792
450	7.435406
451	9.793123
452	41.234222
453	13.916501
454	9.585367
455	8.385647
456	15.548285
457	9.111284
458	41.464462
459	7.777050
460	16.459841
461	16.239363
462	10.550136
463	15.865112
464	14.043721
465	12.424219
466	12.187779
467	11.809867
468	15.203799
469	12.535932
470	14.774030
471	13.528994
472	8.491622
473	15.465792
474	11.126194
475	12.938150
476	19.234734
477	18.352631
478	9.235526
479	15.114982
480	9.629623
481	9.279624
482	12.888926
483	39.878361
484	9.386362
485	12.588807
486	7.594645
487	12.750829
488	10.829842
489	16.729486
490	7.549532
491	14.769736
492	7.613336
493	14.622727
494	9.253565
495	10.780797
496	8.105525
497	13.404169
498	8.966541
499	5.553162
500	9.008900
501	37.385426
502	6.231291
503	13.550405
504	10.735898
505	7.960553
506	19.515350
507	7.898477
508	7.470551
509	14.023439
510	8.872111
511	12.712591
512	14.478896
513	14.068283
514	8.083713
515	15.231375
516	9.681994
517	6.120320
518	17.045271
519	15.422415
520	8.154995
521	14.841767
522	9.167450
523	8.932743
524	43.612034
525	10.351858
526	8.168407
527	14.721953
528	10.301698
529	12.818231
530	14.790753
531	12.122145
532	14.539783
533	40.643799
534	17.650612
535	17.255112
536	11.933457
537	8.153002
538	20.284117
539	7.528605
540	17.793682
541	13.093355
542	16.096182
543	13.266728
544	10.796709
545	14.330497
546	13.713814
547	11.374882
548	13.108120
549	12.730713
550	11.601753
551	14.160852
552	8.567178
553	14.162150
554	12.287228
555	13.128111
556	11.596544
557	4.133272
558	16.082016
559	40.479656
560	7.420708
561	6.372605
562	10.180187
563	14.080293
564	6.255106
565	16.181625
566	40.366032
567	13.695471
568	40.509632
569	40.386227
570	44.104225
571	39.458134
572	6.012490
573	15.756653
574	11.721027
575	18.140633
576	15.942487
577	5.942284
578	16.128399
579	10.926384
580	41.151524
581	10.241961
582	22.203285
583	16.951817
584	8.971595
585	8.602746
586	9.781881
587	7.305550
588	13.899776
589	6.688657
590	11.014746
591	6.724397
592	13.582768
593	7.972604
594	18.338272
595	14.023051
596	7.930604
597	10.826416
598	14.480608
599	11.499317
600	13.338025
601	10.709914
602	15.268445
603	12.747879
604	14.723865
605	14.061063
606	12.272133
607	37.203636
608	13.489223
609	42.018200
610	7.937689
611	36.524620
612	16.796762
613	11.166462
614	13.232416
615	10.427489
616	11.585293
617	11.202778
618	9.014263
619	9.417458
620	8.305659
621	12.142555
622	8.978390
623	10.096894
624	15.032261
625	8.253641
626	9.965185
627	13.140082
628	10.895061
629	43.361492
630	37.765755
631	12.924755
632	15.159621
633	36.358578
634	14.197071
635	11.865263
636	13.301229
637	12.892028
638	14.433062
639	9.837103
640	10.177952
641	13.227299
642	11.530313
643	9.936558
644	12.524323
645	14.107388
646	10.806574
647	5.478157
648	11.119899
649	11.553677
650	13.290950
651	14.349209
652	14.059854
653	38.795048
654	9.762512
655	14.020101
656	14.462184
657	13.608089
658	13.736979
659	8.235228
660	6.386080
661	10.050916
662	13.448918
663	9.584705
664	16.768658
665	11.400058
666	19.798302
667	10.451429
668	8.644062
669	13.705812
670	13.773046
671	7.136257
672	8.803658
673	13.058884
674	12.226313
675	7.259470
676	5.670762
677	10.861354
678	41.998722
679	14.953161
680	12.206824
681	8.377024
682	5.783568
683	7.659363
684	13.012041
685	12.727428
686	12.931231
687	39.621578
688	11.573549
689	16.851896
690	40.224346
691	6.481431
692	14.043322
693	13.816597
694	9.459491
695	10.431770
696	12.023979
697	12.885382
698	8.654882
699	9.805580
700	12.090675
701	12.249835
702	13.037352
703	13.209114
704	4.846240
705	36.343662
706	10.154631
707	13.993339
708	15.417130
709	9.703437
710	14.787069
711	15.217956
712	37.820538
713	16.922718
714	11.966783
715	36.813015
716	16.785378
717	4.810838
718	8.932119
719	8.152683
720	40.475945
721	9.213135
722	13.407310
723	9.562367
724	17.264187
725	12.130058
726	16.339201
727	6.300998
728	15.278777
729	12.633073
730	5.577753
731	8.033900
732	12.236986
733	9.581671
734	13.416016
735	7.878595
736	13.738108
737	13.524121
738	12.394860
739	11.881180
740	14.850330
741	23.300167
742	41.220001
743	12.278025
744	5.354077
745	12.289938
746	12.968872
747	16.079803
748	14.962883
749	13.759547
750	7.472925
751	5.996458
752	13.813271
753	13.161894
754	16.668646
755	7.941188
756	40.749012
757	6.002246
758	11.054682
759	41.710125
760	14.027493
761	8.913375
762	7.498663
763	8.994525
764	13.007002
765	10.884617
766	13.589189
767	10.900534
768	8.564658
769	7.775482
770	9.619981
771	11.942491
772	17.619509
773	12.557079
774	38.879704
775	6.633447
776	11.723254
777	14.091951
778	10.303277
779	37.177841
780	14.295369
781	9.223512
782	8.383040
783	39.421379
784	13.818316
785	16.535013
786	11.734850
787	13.310603
788	13.821283
789	6.189580
790	9.393013
791	42.922771
792	11.385195
793	6.660357
794	16.269163
795	9.971412
796	40.994148
797	6.076830
798	6.809006
799	7.653954
800	8.801453
801	7.976097
802	7.959995
803	7.595185
804	12.196747
805	16.636190
806	8.070553
807	14.460579
808	7.288672
809	8.116688
810	8.750286
811	6.976834
812	14.654070
813	11.055038
814	11.104989
815	16.532866
816	10.328650
817	14.417672
818	17.176874
819	12.467115
820	12.213170
821	10.341500
822	11.981389
823	14.463455
824	6.008885
825	12.285008
826	9.199331
827	13.673635
828	10.795275
829	19.036488
830	11.912384
831	15.204815
832	14.466276
833	13.730577
834	13.031709
835	10.937991
836	6.378690
837	8.328737
838	5.957776
839	11.618305
840	10.845128
841	13.717407
842	13.542048
843	13.517376
844	8.531533
845	13.833518
846	10.528711
847	14.002446
848	19.710526
849	15.468724
850	14.716510
851	11.629346
852	14.475974
853	14.570606
854	6.203751
855	5.587676
856	16.613012
857	15.110039
858	10.383102
859	9.973496
860	7.029796
861	42.157055
862	7.279447
863	11.570307
864	15.278966
865	10.167447
866	16.763401
867	13.970626
868	10.492905
869	17.450186
870	10.866566
871	6.222505
872	11.167721
873	14.581901
874	7.542952
875	15.115388
876	16.242493
877	7.623497
878	6.780369
879	12.032522
880	15.360737
881	8.629288
882	15.067942
883	15.109050
884	13.399413
885	12.470913
886	7.444472
887	9.384225
888	21.301193
889	9.810024
890	9.527253
891	40.421207
892	12.265587
893	9.882989
894	5.490269
895	16.382116
896	16.106113
897	7.189842
898	9.430091
899	9.376675
900	16.886400
901	13.883843
902	11.894099
903	5.901855
904	20.126495
905	11.299336
906	17.405655
907	15.838573
908	7.577624
909	7.970423
910	12.897728
911	15.521809
912	16.986408
913	19.493143
914	16.628822
915	8.732596
916	14.135318
917	8.097660
918	9.483815
919	15.072121
920	7.657645
921	9.611757
922	11.190656
923	7.511473
924	11.955066
925	15.746220
926	15.475831
927	19.870510
928	11.393036
929	40.704796
930	7.998944
931	6.917613
932	40.392475
933	17.605408
934	7.615265
935	13.965403
936	37.797493
937	10.325497
938	37.696247
939	9.189680
940	10.227995
941	17.437277
942	4.773904
943	5.380864
944	9.812481
945	13.967835
946	11.489483
947	13.265043
948	9.852043
949	9.870896
950	37.115047
951	8.920437
952	10.840689
953	8.750318
954	16.419689
955	14.474349
956	15.369473
957	16.488729
958	13.596320
959	13.463130
960	10.998309
961	14.011773
962	10.705617
963	12.475088
964	10.761226
965	7.322059
966	17.416573
967	13.751097
968	10.920285
969	18.015520
970	16.090935
971	10.999227
972	12.637314
973	13.908019
974	13.300403
975	40.431793
976	9.287798
977	8.216875
978	13.449865
979	5.948410
980	17.177612
981	12.648396
982	12.406137
983	13.529247
984	34.266216
985	36.637081
986	11.344928
987	10.453936
988	15.217413
989	12.461121
990	13.681068
991	7.411522
992	12.371777
993	12.476492
994	12.280918
995	17.997257
996	9.530457
997	10.940954
998	11.897739
999	11.291665
1000	15.029719
1001	11.748716
1002	13.113700
1003	9.350034
1004	7.230605
1005	15.666408
1006	16.133871
1007	13.424417
1008	16.363522
1009	12.909135
1010	16.451866
1011	13.447247
1012	9.537258
1013	13.802784
1014	11.560203
1015	12.175551
1016	8.199532
1017	12.000690
1018	13.883190
1019	14.233593
1020	15.232709
1021	14.770139
1022	5.221135
1023	8.966369
1024	10.542036
1025	15.871402
1026	10.277159
1027	8.422528
1028	12.691689
1029	13.327475
1030	6.899504
1031	11.684224
1032	16.236725
1033	22.690306
1034	12.699891
1035	15.132093
1036	14.998949
1037	11.544438
1038	11.030553
1039	12.184324
1040	14.844942
1041	13.253059
1042	9.210692
1043	13.928254
1044	10.313749
1045	14.602739
1046	9.761442
1047	16.354366
1048	13.342717
1049	7.459497
1050	12.258649
1051	13.287387
1052	14.834392
1053	13.664333
1054	17.129049
1055	6.969857
1056	7.684702
1057	13.621439
1058	9.913356
1059	13.334130
1060	42.430286
1061	14.717240
1062	10.590218
1063	15.479872
1064	16.137894
1065	12.385159
1066	7.985785
1067	17.962965
1068	11.044594
1069	8.421412
1070	14.225841
1071	16.135324
1072	10.816009
1073	16.658703
1074	12.697455
1075	9.481699
1076	15.428896
1077	12.215491
1078	15.906610
1079	16.826336
1080	14.281392
1081	10.778773
1082	15.927694
1083	12.651909
1084	9.764740
1085	14.238913
1086	9.517103
1087	13.707770
1088	11.801482
1089	11.195287
1090	20.091085
1091	9.755566
1092	40.993137
1093	2.727079
1094	44.844593
1095	8.739889
1096	9.424971
1097	13.734236
1098	10.186693
1099	11.038140
1100	9.906662
1101	19.263374
1102	14.866640
1103	7.150667
1104	8.049671
1105	9.023248
1106	17.731045
1107	10.342367
1108	14.694624
1109	15.468000
1110	9.887280
1111	4.426678
1112	15.896022
1113	9.230742
1114	13.074027
1115	13.074185
1116	13.549903
1117	20.516609
1118	6.447763
1119	17.492754
1120	10.706103
1121	14.631376
1122	15.121461
1123	40.979725
1124	41.025082
1125	12.587729
1126	9.745044
1127	17.788610
1128	37.578129
1129	13.288483
1130	15.511181
1131	7.730636
1132	11.554736
1133	10.108788
1134	8.825220
1135	12.274042
1136	17.463514
1137	9.195274
1138	7.974223
1139	21.526323
1140	43.112938
1141	16.239887
1142	12.367568
1143	13.378118
1144	10.551355
1145	15.171008
1146	15.341042
1147	14.197369
1148	39.668163
1149	16.595745
1150	9.850489
1151	12.974256
1152	6.335076
1153	9.785776
1154	12.178933
1155	17.526575
1156	12.434168
1157	40.391216
1158	7.010286
1159	9.733298
1160	16.357233
1161	37.754311
1162	9.145714
1163	10.013921
1164	10.168676
1165	16.636364
1166	14.182757
1167	38.488167
1168	15.182775
1169	10.712227
1170	11.803238
1171	6.350434
1172	13.786872
1173	13.418633
1174	12.247431
1175	6.765677
1176	11.582177
1177	11.258679
1178	11.790389
1179	12.079007
1180	15.825498
1181	13.370765
1182	6.338524
1183	17.005304
1184	42.170265
1185	14.491639
1186	12.311697
1187	14.064827
1188	5.812888
1189	9.128037
1190	15.327694
1191	10.826928
1192	9.568937
1193	8.318663
1194	6.620223
1195	15.191036
1196	13.805443
1197	38.624748
1198	11.810014
1199	6.982997
1200	12.099310
1201	5.542152
1202	5.656951
1203	6.348402
1204	12.448265
1205	9.737512
1206	11.529889
1207	9.585873
1208	42.458466
1209	8.393551
1210	13.287024
1211	9.002676
1212	12.559446
1213	19.382423
1214	11.653707
1215	16.062693
1216	13.617110
1217	12.320341
1218	16.886496
1219	8.157773
1220	10.630486
1221	5.056495
1222	12.140556
1223	10.191190
1224	11.411982
1225	12.742965
1226	13.383478
1227	11.549047
1228	7.289168
1229	5.909924
1230	18.246874
1231	8.462539
1232	16.664640
1233	13.948763
1234	11.698888
1235	8.401430
1236	10.927831
1237	6.996903
1238	8.760336
1239	14.244664
1240	7.376276
1241	12.501733
1242	8.446655
1243	12.241813
1244	13.554226
1245	8.485623
1246	11.818554
1247	7.867198
1248	14.369998
1249	19.573519
1250	10.612109
1251	6.325944
1252	13.841370
1253	14.404984
1254	16.527760
1255	13.007088
1256	9.134440
1257	15.496772
1258	13.446637
1259	8.924177
1260	9.345483
1261	10.044271
1262	8.666239
1263	6.917470
1264	16.908995
1265	9.264961
1266	13.069610
1267	11.392129
1268	15.057577
1269	6.980704
1270	17.505970
1271	14.175743
1272	17.456495
1273	10.666680
1274	6.144337
1275	11.903852
1276	15.274634
1277	19.838600
1278	10.537342
1279	9.502758
1280	8.021714
1281	15.954070
1282	12.314502
1283	7.183376
1284	16.954275
1285	5.281919
1286	17.117456
1287	16.313093
1288	7.044454
1289	13.615284
1290	10.900901
1291	7.683237
1292	4.313849
1293	12.371564
1294	13.213964
1295	9.297788
1296	9.250367
1297	15.027899
1298	11.837907
1299	10.781687
1300	7.131854
1301	4.641831
1302	9.617624
1303	8.259683
1304	8.469797
1305	15.887877
1306	9.796759
1307	12.572002
1308	15.939988
1309	40.084595
1310	13.281638
1311	7.564436
1312	15.345993
1313	6.376025
1314	12.716157
1315	10.847010
1316	9.189958
1317	15.999431
1318	9.324492
1319	10.568208
1320	18.134731
1321	6.475245
1322	12.933244
1323	12.118118
1324	9.526905
1325	11.939720
1326	14.627563
1327	8.223031
1328	7.781481
1329	7.787871
1330	15.884403
1331	7.397180
1332	8.351856
1333	7.014811
1334	6.303404
1335	9.991454
1336	7.475323
1337	13.982455
1338	11.602571
1339	12.844937
1340	14.160912
1341	13.592861
1342	18.871857
1343	14.998775
1344	6.461503
1345	16.049112
1346	12.121448
1347	10.783334
1348	13.098776
1349	14.274589
1350	9.758389
1351	10.062232
1352	11.207607
1353	8.323096
1354	9.335135
1355	12.912570
1356	6.000844
1357	7.618643
1358	16.390486
1359	7.957377
1360	10.536937
1361	14.464024
1362	15.077627
1363	11.328416
1364	12.461047
1365	10.172205
1366	12.607572
1367	41.641815
1368	16.412287
1369	12.934115
1370	14.962207
1371	13.972739
1372	15.402506
1373	9.420567
1374	41.248352
1375	12.360816
1376	15.703502
1377	13.245577
1378	40.912453
1379	13.293361
1380	8.237414
1381	8.614618
1382	17.901806
1383	10.471174
1384	14.776015
1385	11.349988
1386	5.735167
1387	9.296493
1388	14.909988
1389	15.313494
1390	8.038371
1391	11.121543
1392	7.326907
1393	19.285854
1394	17.956938
1395	8.460636
1396	12.877348
1397	10.794314
1398	14.843782
1399	10.184725
1400	14.463488
1401	8.073253
1402	9.253795
1403	16.907225
1404	15.990674
1405	8.414214
1406	12.390836
1407	11.416018
1408	14.473833
1409	11.522428
1410	9.819077
1411	10.131393
1412	14.775599
1413	6.447965
1414	13.344018
1415	5.202571
1416	10.385384
1417	10.960291
1418	39.206837
1419	9.501820
1420	4.450021
1421	13.665085
1422	10.252681
1423	17.439934
1424	14.972135
1425	14.529342
1426	10.978581
1427	19.085287
1428	10.653980
1429	18.171310
1430	5.057977
1431	11.219416
1432	34.578949
1433	10.308799
1434	8.741106
1435	10.812967
1436	8.037416
1437	9.847651
1438	6.593116
1439	11.707398
1440	14.287001
1441	12.652779
1442	5.887352
1443	15.481485
1444	14.165886
1445	15.363474
1446	15.124136
1447	6.410691
1448	14.484981
1449	14.917218
1450	10.160329
1451	13.357637
1452	12.246662
1453	15.632089
1454	18.499170
1455	41.566639
1456	9.096664
1457	16.532497
1458	12.596243
1459	10.066821
1460	3.496706
1461	13.919540
1462	8.195899
1463	11.483844
1464	12.065845
1465	14.093913
1466	8.371882
1467	8.344748
1468	10.220841
1469	13.266295
1470	10.642154
1471	8.523166
1472	12.961227
1473	10.005402
1474	13.689878
1475	11.771801
1476	40.138531
1477	15.938215
1478	11.665377
1479	8.539660
1480	11.615650
1481	9.795989
1482	9.539033
1483	8.739367
1484	13.836425
1485	15.980131
1486	9.109804
1487	10.861136
1488	16.634991
1489	6.284025
1490	7.088883
1491	11.444959
1492	8.628933
1493	11.288957
1494	10.497754
1495	12.987966
1496	12.409259
1497	14.458974
1498	13.235920
1499	8.785002
1500	8.441165
1501	13.103506
1502	6.588387
1503	18.612257
1504	8.174657
1505	6.532799
1506	15.170787
1507	15.928026
1508	36.670296
1509	17.541176
1510	4.351415
1511	5.218194
1512	13.481297
1513	7.864024
1514	13.667853
1515	6.527661
1516	10.960696
1517	12.714607
1518	5.700317
1519	17.421165
1520	6.368912
1521	11.529589
1522	16.924332
1523	9.108207
1524	13.654921
1525	4.512532
1526	38.104961
1527	9.480429
1528	9.637335
1529	9.699935
1530	6.123738
1531	11.799470
1532	40.305588
1533	8.753614
1534	13.691290
1535	15.068108
1536	14.244995
1537	10.992742
1538	6.574634
1539	5.710157
1540	7.772727
1541	8.517808
1542	15.382868
1543	8.194270
1544	6.931252
1545	37.428307
1546	36.533604
1547	7.598062
1548	7.645483
1549	7.811538
1550	9.892695
1551	4.771755
1552	8.374372
1553	17.394974
1554	7.223610
1555	8.259262
1556	8.962264
